31.55 1003.7
31.60 1004.6
31.50 1005.1
31.55 1005.4
31.55 1005.0
31.60 1004.7
31.50 1005.1
31.60 1005.6
31.50 1005.5
31.65 1005.6
31.65 1005.5
31.55 1005.4
31.60 1005.6
31.65 1005.4
31.50 1005.5
31.60 1005.5
31.50 1005.6
31.60 1005.5
31.50 1005.5
31.55 1005.4
31.55 1005.5
31.60 1005.5
31.60 1005.5
31.55 1005.4
31.65 1005.4
31.60 1005.5
31.65 1005.4
31.65 1005.3
31.65 1005.4
31.65 1005.2
31.65 1005.2
31.70 1005.2
31.65 1005.2
31.65 1005.2
31.65 1005.2
31.65 1005.3
31.60 1005.4
31.60 1005.4
31.55 1005.5
31.50 1005.4
31.60 1005.4
31.50 1005.4
31.55 1005.4
31.55 1005.5
31.60 1005.4
31.55 1005.4
31.60 1005.3
31.55 1005.4
31.65 1005.4
31.55 1005.4
31.65 1005.4
31.65 1005.4
31.65 1005.2
31.70 1005.2
31.65 1005.2
31.75 1005.2
31.70 1005.2
31.65 1005.1
31.65 1005.1
31.65 1005.2
31.70 1005.2
31.70 1005.1
31.65 1005.2
31.65 1005.2
31.65 1005.1
31.75 1005.2
31.75 1005.2
31.75 1005.3
31.70 1005.6
31.70 1005.6
31.70 1005.5
31.70 1005.5
31.75 1005.6
31.80 1005.6
31.75 1005.6
31.75 1005.6
31.75 1005.6
31.75 1005.7
31.75 1005.7
31.80 1005.7
31.80 1005.8
31.80 1005.6
31.85 1005.7
31.85 1005.7
31.85 1005.7
31.85 1005.7
31.90 1005.7
31.85 1005.8
31.85 1005.7
31.85 1005.6
31.85 1005.6
31.85 1005.7
31.80 1005.6
31.85 1005.5
31.80 1005.5
31.85 1005.5
31.80 1005.5
31.80 1005.7
31.80 1005.7
31.85 1005.7
31.80 1005.7
31.75 1005.7
31.75 1005.7
31.75 1005.7
31.75 1005.6
31.75 1005.6
31.75 1005.7
31.75 1005.7
31.75 1005.6
31.75 1005.7
31.75 1005.7
31.75 1005.6
31.75 1005.7
31.75 1005.7
31.80 1005.7
31.80 1005.8
31.80 1005.8
31.75 1005.7
31.80 1005.0
31.85 1005.2
31.80 1005.3
31.75 1005.2
31.75 1005.1
31.75 1005.3
31.75 1005.4
31.70 1005.5
31.75 1005.5
31.70 1005.4
31.70 1005.3
31.75 1005.1
31.75 1005.3
31.75 1005.4
31.70 1005.4
31.70 1005.5
31.70 1005.3
31.65 1005.2
31.75 1005.1
31.80 1005.3
31.75 1005.2
31.75 1005.1
31.75 1005.1
31.75 1005.1
31.80 1005.3
31.80 1005.1
31.75 1005.1
31.75 1005.1
31.75 1005.2
31.75 1005.2
31.75 1005.3
31.80 1005.2
31.75 1005.3
31.75 1005.1
31.80 1005.2
31.80 1005.2
31.85 1005.2
31.75 1005.2
31.85 1005.3
31.75 1005.3
31.75 1005.2
31.85 1005.0
31.85 1004.9
31.80 1004.7
31.75 1004.7
31.85 1004.8
31.85 1005.0
31.85 1005.2
31.85 1005.3
31.85 1005.2
31.75 1005.2
31.75 1005.2
31.80 1005.3
31.75 1005.3
31.85 1005.3
31.80 1005.3
31.75 1005.3
31.75 1005.3
31.75 1005.4
31.75 1005.4
31.80 1005.3
31.80 1005.4
32.50 1003.8
32.45 1003.6
32.40 1003.4
32.40 1002.7
32.50 1002.5
32.45 1001.9
32.40 1002.1
32.50 1001.9
32.50 1001.8
32.50 1001.9
32.50 1001.9
32.50 1002.2
32.45 1002.0
32.50 1002.0
32.50 1001.8
32.50 1001.9
32.55 1002.0
32.55 1001.9
32.60 1002.0
32.60 1001.8
32.60 1001.9
32.65 1002.0
32.60 1001.8
32.65 1001.9
32.65 1001.8
32.75 1002.0
32.70 1001.9
32.80 1001.9
32.80 1001.8
32.85 1001.9
32.80 1001.9
32.85 1002.0
32.90 1001.8
32.90 1001.8
32.90 1001.8
32.90 1001.8
32.95 1001.9
32.90 1002.2
32.95 1002.0
33.00 1002.5
33.00 1002.2
33.00 1001.8
33.05 1002.0
33.00 1001.9
33.05 1002.3
33.05 1002.2
33.10 1002.3
33.10 1002.6
33.15 1002.3
33.10 1002.2
33.05 1001.9
33.15 1001.8
33.15 1001.8
33.15 1001.8
33.15 1001.9
33.25 1001.9
33.20 1001.8
33.25 1001.8
33.25 1001.8
33.30 1001.9
33.25 1001.9
33.35 1002.1
33.30 1002.0
33.30 1002.0
33.30 1002.0
33.30 1001.9
33.30 1001.9
33.35 1001.9
33.30 1002.0
33.40 1002.0
33.35 1002.2
33.45 1002.2
33.40 1002.4
33.40 1002.6
33.35 1002.6
33.30 1002.3
33.35 1002.2
33.35 1002.0
33.25 1002.0
33.25 1002.2
33.20 1002.2
33.25 1002.2
33.25 1002.5
33.25 1002.6
33.20 1002.3
33.15 1002.8
33.25 1003.4
33.15 1003.7
33.25 1003.1
33.15 1003.2
33.15 1003.3
33.15 1003.3
33.15 1003.6
33.15 1003.6
33.15 1003.7
33.15 1003.6
33.15 1003.3
33.15 1003.2
33.15 1003.4
33.15 1002.6
33.15 1002.9
33.05 1002.8
33.15 1002.0
33.15 1001.8
33.10 1001.9
33.15 1001.9
33.10 1002.3
33.15 1003.6
33.10 1003.0
33.10 1003.2
33.15 1003.5
33.05 1003.2
33.05 1003.4
33.15 1003.3
33.10 1002.6
33.10 1002.0
33.10 1002.9
33.10 1001.9
33.00 1001.9
33.00 1002.0
33.05 1001.9
33.05 1001.9
33.05 1001.9
33.05 1001.8
33.00 1001.9
33.05 1001.8
33.00 1001.8
33.00 1001.9
33.00 1001.8
33.00 1001.9
33.00 1001.8
32.95 1001.9
33.10 1001.9
33.05 1001.8
33.00 1001.8
33.00 1001.8
32.95 1001.9
33.05 1002.0
33.00 1001.9
33.05 1001.9
33.00 1001.9
33.00 1001.9
33.00 1002.0
32.95 1002.0
33.00 1001.9
33.00 1001.9
33.00 1001.9
32.95 1002.0
33.00 1002.0
33.00 1002.0
32.95 1002.0
33.00 1002.0
33.05 1002.0
33.00 1002.0
33.00 1001.9
33.00 1002.0
33.00 1002.0
33.00 1001.9
33.00 1002.0
33.00 1002.0
33.00 1001.9
33.00 1002.0
33.00 1001.9
33.00 1001.9
33.00 1002.0
33.00 1002.0
33.00 1002.0
33.00 1002.0
33.00 1002.0
33.00 1001.9
33.00 1001.9
33.05 1001.9
32.95 1001.9
33.00 1001.9
33.00 1001.9
33.00 1001.9
33.00 1002.0
33.00 1001.9
33.00 1001.9
32.95 1001.9
-6.45 1228.5
-6.45 1228.5
-6.45 1228.5
-6.45 1228.5
-6.45 1228.5
-6.45 1228.5
-6.45 1228.5
-6.45 1228.5
-6.45 1228.5
-6.45 1228.5
-6.45 1228.5
-6.45 1228.5
-6.45 1228.5
-6.45 1228.5
-6.45 1228.5
-6.45 1228.5
-6.45 1228.5
-6.45 1228.5
-6.45 1228.5
-6.45 1228.5
-6.45 1228.5
-6.45 1228.5
-6.45 1228.5
-6.45 1228.5
-6.45 1228.5
-6.45 1228.5
-6.45 1228.5
-6.45 1228.5
-6.45 1228.5
-6.45 1228.5
-6.45 1228.5
-6.45 1228.5
-6.45 1228.5
-6.45 1228.5
-6.45 1228.5
-6.45 1228.5
-6.45 1228.5
-6.45 1187.4
-6.45 1187.4
-9.65 1187.4
-9.65 1187.4
-9.65 1187.4
-9.65 1187.4
-9.65 1187.4
-9.65 1187.4
-9.65 1187.4
-9.65 1187.4
0.00 1146.9
0.00 1146.9
-12.80 1146.9
-12.80 1146.9
-12.80 1146.9
-0.05 1310.7
-0.05 1310.7
-0.05 1310.7
-0.05 1310.7
-0.05 1310.7
-0.05 1310.7
-0.05 1310.7
-0.05 1310.7
-0.05 1310.7
-0.05 1310.7
-0.05 1310.7
-0.05 1310.7
-0.05 1310.7
-0.05 1310.7
-0.05 1310.7
-0.05 1310.7
-0.05 1310.7
-0.05 1310.7
-0.05 1310.7
-0.05 1310.7
-0.05 1310.7
-0.05 1310.7
-0.05 1310.7
-0.05 1310.7
-0.05 1310.7
-0.05 1310.7
-0.05 1310.7
-0.05 1310.7
-0.05 1310.7
-0.05 1310.7
-0.05 1310.7
-0.05 1310.7
-0.05 1310.7
-0.05 1310.7
-0.05 1310.7
-0.05 1310.7
-0.05 1310.7
-0.05 1310.7
-0.05 1310.7
-0.05 1310.7
-0.05 1310.7
-0.05 1310.7
-0.05 1310.7
-0.05 1310.7
-0.05 1310.7
-0.05 1310.7
-0.05 1310.7
-0.05 1310.7
-0.05 1310.7
-0.05 1310.7
-0.05 1310.7
-0.05 1310.7
-0.05 1310.7
-0.05 1310.7
-0.05 1310.7
-0.05 1310.7
-0.05 1310.7
-0.05 1310.7
-0.05 1310.7
-0.05 1310.7
-0.05 1310.7
-0.05 1310.7
-0.05 1310.7
-0.05 1310.7
-0.05 1310.7
-0.05 1310.7
-0.05 1310.7
-0.05 1310.7
-0.05 1310.7
-0.05 1310.7
-0.05 1310.7
-0.05 1310.7
-0.05 1310.7
-0.05 1310.7
-0.05 1310.7
-0.05 1310.7
-0.05 1310.7
-0.05 1310.7
-0.05 1310.7
-0.05 1310.7
-0.05 1310.7
-0.05 1310.7
-0.05 1310.7
-0.05 1310.7
-0.05 1310.7
-0.05 1310.7
-0.05 1310.7
-0.05 1310.7
-0.05 1310.7
-0.05 1310.7
-0.05 1310.7
-0.05 1310.7
-0.05 1310.7
-0.05 1310.7
-0.05 1310.7
-0.05 1310.7
-0.05 1310.7
-0.05 1310.7
-0.05 1310.7
-0.05 1310.7
-0.05 1310.7
-0.05 1310.7
-0.05 1310.7
-0.05 1310.7
-0.05 1310.7
-0.05 1310.7
-0.05 1310.7
-0.05 1310.7
-0.05 1310.7
-0.05 1310.7
-0.05 1310.7
-0.05 1310.7
-0.05 1310.7
-0.05 1310.7
-0.05 1310.7
-0.05 1310.7
-0.05 1310.7
-0.05 1310.7
-0.05 1310.7
-0.05 1310.7
-0.05 1310.7
-0.05 1310.7
-0.05 1310.7
-0.05 1310.7
-0.05 1310.7
-0.05 1310.7
-0.05 1310.7
-0.05 1310.7
